4 0.011707 0.055877 0.016129 0.030829
12 0.013007 0.100674 0.017690 0.033719
14 0.012487 0.147399 0.016649 0.030829
11 0.012227 0.195087 0.017170 0.035645
5 0.013007 0.288054 0.017690 0.030829
16 0.012747 0.335742 0.017170 0.037572
0 0.011967 0.906551 0.020812 0.036609
6 0.012227 0.952312 0.020291 0.033719
13 0.512747 0.015414 0.316857 0.028902
1 0.012487 0.506262 0.023933 0.937380
8 0.957076 0.017341 0.010926 0.023121
7 0.973725 0.015414 0.014048 0.023121
2 0.990635 0.014933 0.012487 0.024085
17 0.499480 0.017823 0.997919 0.029865
15 0.499220 0.986994 0.995317 0.018304
10 0.090010 0.500000 0.132154 0.934489
3 0.577784 0.507225 0.841311 0.945087