13 0.513267 0.017341 0.318939 0.028902
2 0.991155 0.013006 0.011446 0.024085
7 0.973465 0.016378 0.012487 0.021195
8 0.958117 0.015896 0.010926 0.020231
17 0.499220 0.017341 0.998439 0.032755
4 0.011967 0.059249 0.020812 0.035645
12 0.011707 0.104046 0.019251 0.034682
14 0.012487 0.150289 0.018730 0.038536
11 0.011446 0.193642 0.018730 0.034682
5 0.011967 0.289981 0.017690 0.032755
16 0.011707 0.333333 0.017170 0.034682
0 0.011967 0.908478 0.017690 0.034682
6 0.012487 0.954239 0.015609 0.029865
1 0.012487 0.508189 0.024974 0.939306
15 0.500000 0.985549 0.996878 0.023121
3 0.583247 0.330925 0.827263 0.590559
10 0.097034 0.506262 0.143080 0.937380
9 0.584547 0.801541 0.827784 0.337187