4 0.975361 0.876059 0.039663 0.069915
12 0.974760 0.772246 0.043269 0.078390
14 0.969952 0.667373 0.040865 0.088983
11 0.974760 0.573093 0.048077 0.074153
0 0.972957 0.206568 0.046875 0.078390
6 0.971755 0.102754 0.044471 0.069915
15 0.503606 0.026483 0.992788 0.040254
10 0.319712 0.814619 0.629808 0.218220
10 0.787861 0.488347 0.308894 0.875000
1 0.971154 0.487288 0.055288 0.877119
2 0.024038 0.968220 0.026442 0.033898
7 0.061298 0.967161 0.021635 0.040254
8 0.100361 0.963983 0.027644 0.042373
13 0.471154 0.966102 0.396635 0.067797
9 0.502404 0.962924 0.992788 0.069915
9 0.318510 0.373941 0.625000 0.654661