4 0.011967 0.055877 0.015609 0.026975
12 0.011967 0.101156 0.015609 0.028902
14 0.011707 0.148844 0.013007 0.026012
11 0.012227 0.194605 0.017170 0.030829
5 0.011967 0.286609 0.017690 0.033719
16 0.012227 0.333815 0.016129 0.033719
0 0.011707 0.907033 0.017170 0.029865
6 0.011967 0.952794 0.018730 0.032755
15 0.499480 0.985067 0.998959 0.020231
8 0.957596 0.016859 0.013007 0.020231
7 0.973725 0.015896 0.014048 0.020231
2 0.989854 0.014933 0.010926 0.018304
13 0.513007 0.016378 0.321540 0.026975
1 0.013528 0.503372 0.023933 0.937380
10 0.091051 0.500963 0.135276 0.940270
3 0.577784 0.502890 0.841311 0.940270
17 0.499480 0.015414 0.997919 0.028902