3 0.417794 0.630658 0.832466 0.674897
9 0.417794 0.164095 0.832466 0.280864
10 0.904266 0.498457 0.143600 0.943416
2 0.009105 0.984568 0.009886 0.016461
7 0.026275 0.984053 0.013007 0.017490
8 0.041883 0.983539 0.009886 0.022634
13 0.486993 0.981996 0.319459 0.031893
17 0.500260 0.979424 0.997399 0.039095
15 0.500520 0.017490 0.997919 0.028807
4 0.988554 0.937243 0.017690 0.034979
12 0.989074 0.890432 0.019771 0.042181
14 0.988033 0.841049 0.019771 0.044239
11 0.988293 0.790123 0.019251 0.041152
5 0.987773 0.693416 0.019251 0.039095
16 0.987513 0.645062 0.019771 0.041152
0 0.987513 0.100309 0.016649 0.038066
6 0.987513 0.050412 0.017690 0.034979
1 0.987253 0.491255 0.025494 0.933128