4 0.976453 0.900168 0.035070 0.058725
12 0.979459 0.821309 0.037074 0.055369
14 0.977956 0.741611 0.036072 0.067114
11 0.978457 0.663591 0.035070 0.058725
5 0.977956 0.504195 0.034068 0.058725
16 0.978958 0.419463 0.038076 0.063758
0 0.977956 0.165268 0.040080 0.058725
6 0.975952 0.085570 0.032064 0.053691
2 0.350701 0.302013 0.695391 0.520134
2 0.020040 0.973154 0.020040 0.033557
7 0.050601 0.974832 0.023046 0.033557
8 0.082665 0.973993 0.021042 0.028523
13 0.477455 0.971477 0.391784 0.046980
17 0.501503 0.971477 0.992986 0.050336
10 0.823647 0.494966 0.258517 0.906040
3 0.349699 0.755034 0.691383 0.375839
1 0.977455 0.492450 0.043086 0.904362
15 0.502505 0.025168 0.994990 0.033557