4 0.988033 0.945568 0.015609 0.031792
12 0.988033 0.898844 0.017690 0.034682
14 0.988033 0.854046 0.018730 0.035645
11 0.988033 0.804913 0.019771 0.035645
5 0.987773 0.712909 0.016129 0.034682
16 0.988033 0.666667 0.015609 0.030829
0 0.988293 0.095376 0.019251 0.034682
6 0.987773 0.048170 0.018210 0.034682
2 0.009365 0.986994 0.008325 0.022158
7 0.025754 0.984104 0.008845 0.022158
8 0.042664 0.982177 0.010406 0.016378
13 0.485952 0.982659 0.322581 0.026975
3 0.422477 0.493738 0.841831 0.945087
10 0.908689 0.495183 0.133715 0.942197
1 0.987253 0.494701 0.024454 0.939306
17 0.500780 0.982659 0.997399 0.032755
15 0.500780 0.012042 0.997399 0.016378