4 0.013267 0.056840 0.020291 0.038536
12 0.012747 0.100674 0.016129 0.037572
14 0.012227 0.148844 0.020291 0.041426
11 0.011707 0.196532 0.019251 0.034682
5 0.011446 0.287091 0.018730 0.032755
16 0.012747 0.333333 0.016129 0.044316
0 0.012227 0.908478 0.017170 0.032755
6 0.012487 0.953276 0.014568 0.031792
13 0.512227 0.018786 0.315817 0.026012
2 0.989854 0.015896 0.017170 0.020231
7 0.973465 0.013969 0.015609 0.026012
8 0.958897 0.015896 0.014568 0.026012
9 0.584027 0.805395 0.828824 0.344894
15 0.499480 0.986031 0.997919 0.022158
3 0.581165 0.334778 0.824142 0.604046
10 0.097294 0.505780 0.146722 0.946050
17 0.500000 0.019268 0.996878 0.032755
1 0.012487 0.503372 0.024974 0.943160