15 0.500520 0.012524 0.997919 0.019268
13 0.486993 0.981696 0.315297 0.028902
2 0.008845 0.985549 0.014568 0.023121
7 0.025494 0.985067 0.011446 0.024085
8 0.041883 0.984104 0.013007 0.024085
17 0.500520 0.982659 0.997919 0.032755
3 0.415453 0.667630 0.827784 0.587669
4 0.985952 0.941233 0.017690 0.040462
12 0.987513 0.898844 0.017690 0.034682
14 0.985692 0.849711 0.019251 0.038536
11 0.988293 0.802987 0.017170 0.031792
5 0.988293 0.711464 0.016129 0.029865
16 0.988554 0.663776 0.015609 0.034682
0 0.989074 0.090559 0.017690 0.028902
6 0.987773 0.045279 0.017170 0.034682
1 0.988293 0.491811 0.022373 0.939306
10 0.903226 0.492775 0.143600 0.939306
9 0.416233 0.196050 0.829344 0.347784