4 0.011967 0.057322 0.016649 0.035645
12 0.012747 0.102119 0.015088 0.030829
14 0.011967 0.143545 0.016649 0.036609
11 0.011446 0.191715 0.017690 0.038536
5 0.012487 0.288536 0.016649 0.029865
16 0.011967 0.335742 0.016649 0.029865
0 0.011707 0.906069 0.016129 0.027938
6 0.010926 0.954721 0.017690 0.032755
10 0.090010 0.505299 0.132154 0.939306
3 0.576743 0.505299 0.838189 0.939306
1 0.011186 0.503854 0.022373 0.942197
15 0.498179 0.987476 0.996358 0.019268
2 0.990375 0.016378 0.009886 0.021195
7 0.974246 0.014933 0.010926 0.018304
8 0.956296 0.015896 0.009365 0.012524
17 0.499740 0.015896 0.996358 0.031792
17 0.511446 0.015896 0.318418 0.031792