9 0.595473 0.824663 0.805931 0.310212
9 0.594953 0.352119 0.806972 0.634875
7 0.975286 0.014451 0.010926 0.021195
2 0.991415 0.014933 0.010926 0.024085
8 0.956556 0.018304 0.013007 0.023121
13 0.513007 0.017341 0.318418 0.026975
17 0.500000 0.018786 0.996878 0.035645
4 0.012747 0.060694 0.019251 0.034682
12 0.011707 0.101156 0.017170 0.032755
14 0.013267 0.147399 0.017170 0.044316
11 0.011707 0.197013 0.017170 0.031792
5 0.011707 0.285645 0.019251 0.035645
16 0.011707 0.332852 0.016129 0.031792
0 0.012227 0.908478 0.017170 0.034682
6 0.011707 0.955202 0.016129 0.026012
10 0.108741 0.507225 0.167534 0.937380
15 0.499480 0.988439 0.997919 0.017341
1 0.013267 0.507225 0.023413 0.939306