4 0.977319 0.921409 0.031250 0.043360
12 0.974798 0.855691 0.038306 0.058266
14 0.976815 0.792005 0.036290 0.058266
11 0.975302 0.720867 0.039315 0.059621
5 0.976310 0.595528 0.037298 0.047425
16 0.975806 0.531843 0.034274 0.058266
0 0.974798 0.131436 0.034274 0.048780
6 0.977823 0.067073 0.038306 0.047425
9 0.347782 0.237805 0.689516 0.418699
2 0.017641 0.979675 0.019153 0.032520
7 0.049899 0.978997 0.021169 0.031165
8 0.082661 0.978997 0.020161 0.031165
13 0.474294 0.976287 0.390121 0.036585
17 0.501008 0.976965 0.993952 0.046070
10 0.822077 0.493225 0.267137 0.932249
3 0.347782 0.701897 0.689516 0.512195
15 0.501008 0.018293 0.995968 0.028455
1 0.976815 0.491192 0.044355 0.920054