4 0.019706 0.074289 0.030139 0.042636
12 0.020479 0.134367 0.028594 0.046512
14 0.018547 0.198320 0.030912 0.052972
11 0.016229 0.259044 0.032457 0.042636
5 0.017002 0.383075 0.030912 0.050388
16 0.018547 0.450258 0.024730 0.047804
0 0.017388 0.871447 0.028594 0.042636
6 0.017002 0.937339 0.024730 0.037468
13 0.518547 0.021964 0.386399 0.036176
1 0.018547 0.505814 0.034003 0.921189
2 0.984930 0.023902 0.017774 0.029716
7 0.960587 0.020672 0.018547 0.028424
8 0.936244 0.020672 0.016229 0.031008
17 0.499614 0.023902 0.996136 0.047804
9 0.613601 0.771318 0.768161 0.405685
10 0.614760 0.313307 0.765842 0.525840
10 0.134853 0.505814 0.206337 0.928941
15 0.499614 0.983204 0.996136 0.025840