4 0.022681 0.078591 0.031250 0.043360
12 0.025202 0.144309 0.038306 0.058266
14 0.023185 0.207995 0.036290 0.058266
11 0.024698 0.279133 0.039315 0.059621
5 0.023690 0.404472 0.037298 0.047425
16 0.024194 0.468157 0.034274 0.058266
0 0.025202 0.868564 0.034274 0.048780
6 0.022177 0.932927 0.038306 0.047425
9 0.652218 0.762195 0.689516 0.418699
2 0.982359 0.020325 0.019153 0.032520
7 0.950101 0.021003 0.021169 0.031165
8 0.917339 0.021003 0.020161 0.031165
13 0.525706 0.023713 0.390121 0.036585
17 0.498992 0.023035 0.993952 0.046070
10 0.177923 0.506775 0.267137 0.932249
3 0.652218 0.298103 0.689516 0.512195
15 0.498992 0.981707 0.995968 0.028455
1 0.023185 0.508808 0.044355 0.920054