4 0.023547 0.099832 0.035070 0.058725
12 0.020541 0.178691 0.037074 0.055369
14 0.022044 0.258389 0.036072 0.067114
11 0.021543 0.336409 0.035070 0.058725
5 0.022044 0.495805 0.034068 0.058725
16 0.021042 0.580537 0.038076 0.063758
0 0.022044 0.834732 0.040080 0.058725
6 0.024048 0.914430 0.032064 0.053691
2 0.649299 0.697987 0.695391 0.520134
2 0.979960 0.026846 0.020040 0.033557
7 0.949399 0.025168 0.023046 0.033557
8 0.917335 0.026007 0.021042 0.028523
13 0.522545 0.028523 0.391784 0.046980
17 0.498497 0.028523 0.992986 0.050336
10 0.176353 0.505034 0.258517 0.906040
3 0.650301 0.244966 0.691383 0.375839
1 0.022545 0.507550 0.043086 0.904362
15 0.497495 0.974832 0.994990 0.033557