13 0.486733 0.981214 0.318939 0.031792
2 0.009886 0.986994 0.012487 0.024085
7 0.026015 0.985549 0.014568 0.021195
8 0.042664 0.984586 0.012487 0.023121
9 0.415453 0.194123 0.827784 0.347784
15 0.500520 0.013006 0.997919 0.020231
4 0.986733 0.945087 0.019251 0.038536
12 0.987513 0.896917 0.017690 0.038536
14 0.987773 0.849711 0.020291 0.044316
11 0.987253 0.804432 0.019251 0.038536
5 0.989074 0.711946 0.017690 0.034682
16 0.988293 0.667630 0.019251 0.032755
0 0.987773 0.092004 0.020291 0.031792
6 0.987773 0.046724 0.020291 0.037572
17 0.500000 0.981696 0.996878 0.034682
1 0.988293 0.494701 0.023413 0.939306
10 0.903486 0.491329 0.148283 0.940270
3 0.414412 0.665222 0.825702 0.598266