2 0.013979 0.979333 0.017555 0.030667
7 0.033160 0.980000 0.013004 0.026667
8 0.052666 0.978667 0.015605 0.029333
13 0.483095 0.976667 0.387516 0.036000
3 0.395319 0.491333 0.786736 0.929333
10 0.878414 0.491333 0.184655 0.932000
17 0.500650 0.974667 0.997399 0.048000
4 0.984720 0.921333 0.025358 0.048000
12 0.985046 0.859333 0.020806 0.060000
14 0.985046 0.788667 0.023407 0.060000
11 0.986021 0.727333 0.022757 0.054667
5 0.985371 0.604000 0.022757 0.056000
16 0.984395 0.538000 0.022107 0.044000
0 0.985046 0.124667 0.023407 0.052000
6 0.984070 0.063333 0.022757 0.046667
1 0.983420 0.490667 0.031860 0.925333
15 0.500975 0.018667 0.998049 0.029333