9 0.404527 0.175337 0.805931 0.310212
9 0.405047 0.647881 0.806972 0.634875
7 0.024714 0.985549 0.010926 0.021195
2 0.008585 0.985067 0.010926 0.024085
8 0.043444 0.981696 0.013007 0.023121
13 0.486993 0.982659 0.318418 0.026975
17 0.500000 0.981214 0.996878 0.035645
4 0.987253 0.939306 0.019251 0.034682
12 0.988293 0.898844 0.017170 0.032755
14 0.986733 0.852601 0.017170 0.044316
11 0.988293 0.802987 0.017170 0.031792
5 0.988293 0.714355 0.019251 0.035645
16 0.988293 0.667148 0.016129 0.031792
0 0.987773 0.091522 0.017170 0.034682
6 0.988293 0.044798 0.016129 0.026012
10 0.891259 0.492775 0.167534 0.937380
15 0.500520 0.011561 0.997919 0.017341
1 0.986733 0.492775 0.023413 0.939306