13 0.486733 0.982659 0.318939 0.028902
2 0.008845 0.986994 0.011446 0.024085
7 0.026535 0.983622 0.012487 0.021195
8 0.041883 0.984104 0.010926 0.020231
17 0.500780 0.982659 0.998439 0.032755
4 0.988033 0.940751 0.020812 0.035645
12 0.988293 0.895954 0.019251 0.034682
14 0.987513 0.849711 0.018730 0.038536
11 0.988554 0.806358 0.018730 0.034682
5 0.988033 0.710019 0.017690 0.032755
16 0.988293 0.666667 0.017170 0.034682
0 0.988033 0.091522 0.017690 0.034682
6 0.987513 0.045761 0.015609 0.029865
1 0.987513 0.491811 0.024974 0.939306
15 0.500000 0.014451 0.996878 0.023121
3 0.416753 0.669075 0.827263 0.590559
10 0.902966 0.493738 0.143080 0.937380
9 0.415453 0.198459 0.827784 0.337187