15 0.500520 0.013006 0.998959 0.020231
2 0.009886 0.985549 0.008325 0.023121
7 0.026015 0.985549 0.011446 0.026975
8 0.041623 0.984104 0.011446 0.024085
10 0.901405 0.494220 0.146202 0.940270
4 0.986733 0.941715 0.019251 0.041426
12 0.986472 0.896917 0.017690 0.032755
14 0.986472 0.848266 0.017690 0.035645
11 0.988293 0.802987 0.016129 0.035645
5 0.987513 0.714355 0.018730 0.035645
16 0.987773 0.665222 0.020291 0.035645
0 0.988554 0.091040 0.018730 0.035645
6 0.988293 0.044798 0.016129 0.031792
13 0.486733 0.983141 0.318939 0.031792
17 0.500520 0.980732 0.997919 0.032755
1 0.986993 0.493256 0.024974 0.936416
3 0.413892 0.666185 0.824662 0.592486
9 0.414412 0.196050 0.825702 0.342004