4 0.011967 0.054432 0.015609 0.031792
12 0.011967 0.101156 0.017690 0.034682
14 0.011967 0.145954 0.018730 0.035645
11 0.011967 0.195087 0.019771 0.035645
5 0.012227 0.287091 0.016129 0.034682
16 0.011967 0.333333 0.015609 0.030829
0 0.011707 0.904624 0.019251 0.034682
6 0.012227 0.951830 0.018210 0.034682
2 0.990635 0.013006 0.008325 0.022158
7 0.974246 0.015896 0.008845 0.022158
8 0.957336 0.017823 0.010406 0.016378
13 0.514048 0.017341 0.322581 0.026975
3 0.577523 0.506262 0.841831 0.945087
10 0.091311 0.504817 0.133715 0.942197
1 0.012747 0.505299 0.024454 0.939306
17 0.499220 0.017341 0.997399 0.032755
15 0.499220 0.987958 0.997399 0.016378