4 0.978879 0.915242 0.026724 0.052707
12 0.979310 0.848291 0.027586 0.047009
14 0.978879 0.779202 0.030172 0.059829
11 0.980172 0.712251 0.027586 0.048433
5 0.980603 0.574786 0.028448 0.044160
0 0.980603 0.136752 0.030172 0.039886
6 0.979741 0.071937 0.030172 0.061254
9 0.372845 0.254274 0.740517 0.448718
10 0.372845 0.717236 0.740517 0.488604
10 0.850431 0.496439 0.225000 0.930199
2 0.015517 0.980769 0.017241 0.029915
8 0.070259 0.980769 0.019828 0.032764
7 0.042241 0.978632 0.020690 0.037037
13 0.478017 0.979345 0.390517 0.038462
17 0.500431 0.981481 0.995690 0.037037
1 0.980172 0.493590 0.039655 0.927350
15 0.501293 0.020655 0.997414 0.032764