4 0.012487 0.055877 0.017690 0.036609
12 0.013007 0.101638 0.016649 0.035645
14 0.013007 0.148362 0.017690 0.038536
11 0.011707 0.193642 0.018210 0.036609
5 0.011967 0.286609 0.017690 0.033719
16 0.012747 0.332370 0.016129 0.034682
0 0.012227 0.906069 0.019251 0.031792
6 0.012747 0.952312 0.017170 0.039499
10 0.091571 0.505299 0.138398 0.950867
3 0.578564 0.507225 0.836629 0.948940
17 0.512747 0.018304 0.323101 0.034682
17 0.499480 0.017823 0.998959 0.035645
2 0.990114 0.014933 0.011446 0.018304
7 0.974506 0.015414 0.011446 0.023121
8 0.958117 0.016378 0.009886 0.021195
15 0.496618 0.987476 0.992196 0.015414
1 0.012227 0.507225 0.023413 0.939306