4 0.986733 0.943160 0.020291 0.038536
12 0.987253 0.899326 0.016129 0.037572
14 0.987773 0.851156 0.020291 0.041426
11 0.988293 0.803468 0.019251 0.034682
5 0.988554 0.712909 0.018730 0.032755
16 0.987253 0.666667 0.016129 0.044316
0 0.987773 0.091522 0.017170 0.032755
6 0.987513 0.046724 0.014568 0.031792
13 0.487773 0.981214 0.315817 0.026012
2 0.010146 0.984104 0.017170 0.020231
7 0.026535 0.986031 0.015609 0.026012
8 0.041103 0.984104 0.014568 0.026012
9 0.415973 0.194605 0.828824 0.344894
15 0.500520 0.013969 0.997919 0.022158
3 0.418835 0.665222 0.824142 0.604046
10 0.902706 0.494220 0.146722 0.946050
17 0.500000 0.980732 0.996878 0.032755
1 0.987513 0.496628 0.024974 0.943160