4 0.021121 0.084758 0.026724 0.052707
12 0.020690 0.151709 0.027586 0.047009
14 0.021121 0.220798 0.030172 0.059829
11 0.019828 0.287749 0.027586 0.048433
5 0.019397 0.425214 0.028448 0.044160
0 0.019397 0.863248 0.030172 0.039886
6 0.020259 0.928063 0.030172 0.061254
9 0.627155 0.745726 0.740517 0.448718
10 0.627155 0.282764 0.740517 0.488604
10 0.149569 0.503561 0.225000 0.930199
2 0.984483 0.019231 0.017241 0.029915
8 0.929741 0.019231 0.019828 0.032764
7 0.957759 0.021368 0.020690 0.037037
13 0.521983 0.020655 0.390517 0.038462
17 0.499569 0.018519 0.995690 0.037037
1 0.019828 0.506410 0.039655 0.927350
15 0.498707 0.979345 0.997414 0.032764