13 0.513267 0.018786 0.318939 0.031792
2 0.990114 0.013006 0.012487 0.024085
7 0.973985 0.014451 0.014568 0.021195
8 0.957336 0.015414 0.012487 0.023121
9 0.584547 0.805877 0.827784 0.347784
15 0.499480 0.986994 0.997919 0.020231
4 0.013267 0.054913 0.019251 0.038536
12 0.012487 0.103083 0.017690 0.038536
14 0.012227 0.150289 0.020291 0.044316
11 0.012747 0.195568 0.019251 0.038536
5 0.010926 0.288054 0.017690 0.034682
16 0.011707 0.332370 0.019251 0.032755
0 0.012227 0.907996 0.020291 0.031792
6 0.012227 0.953276 0.020291 0.037572
17 0.500000 0.018304 0.996878 0.034682
1 0.011707 0.505299 0.023413 0.939306
10 0.096514 0.508671 0.148283 0.940270
3 0.585588 0.334778 0.825702 0.598266