4 0.988033 0.944123 0.015609 0.026975
12 0.988033 0.898844 0.015609 0.028902
14 0.988293 0.851156 0.013007 0.026012
11 0.987773 0.805395 0.017170 0.030829
5 0.988033 0.713391 0.017690 0.033719
16 0.987773 0.666185 0.016129 0.033719
0 0.988293 0.092967 0.017170 0.029865
6 0.988033 0.047206 0.018730 0.032755
15 0.500520 0.014933 0.998959 0.020231
8 0.042404 0.983141 0.013007 0.020231
7 0.026275 0.984104 0.014048 0.020231
2 0.010146 0.985067 0.010926 0.018304
13 0.486993 0.983622 0.321540 0.026975
1 0.986472 0.496628 0.023933 0.937380
10 0.908949 0.499037 0.135276 0.940270
3 0.422216 0.497110 0.841311 0.940270
17 0.500520 0.984586 0.997919 0.028902