3 0.582206 0.369342 0.832466 0.674897
9 0.582206 0.835905 0.832466 0.280864
10 0.095734 0.501543 0.143600 0.943416
2 0.990895 0.015432 0.009886 0.016461
7 0.973725 0.015947 0.013007 0.017490
8 0.958117 0.016461 0.009886 0.022634
13 0.513007 0.018004 0.319459 0.031893
17 0.499740 0.020576 0.997399 0.039095
15 0.499480 0.982510 0.997919 0.028807
4 0.011446 0.062757 0.017690 0.034979
12 0.010926 0.109568 0.019771 0.042181
14 0.011967 0.158951 0.019771 0.044239
11 0.011707 0.209877 0.019251 0.041152
5 0.012227 0.306584 0.019251 0.039095
16 0.012487 0.354938 0.019771 0.041152
0 0.012487 0.899691 0.016649 0.038066
6 0.012487 0.949588 0.017690 0.034979
1 0.012747 0.508745 0.025494 0.933128