2 0.986021 0.020667 0.017555 0.030667
7 0.966840 0.020000 0.013004 0.026667
8 0.947334 0.021333 0.015605 0.029333
13 0.516905 0.023333 0.387516 0.036000
3 0.604681 0.508667 0.786736 0.929333
10 0.121586 0.508667 0.184655 0.932000
17 0.499350 0.025333 0.997399 0.048000
4 0.015280 0.078667 0.025358 0.048000
12 0.014954 0.140667 0.020806 0.060000
14 0.014954 0.211333 0.023407 0.060000
11 0.013979 0.272667 0.022757 0.054667
5 0.014629 0.396000 0.022757 0.056000
16 0.015605 0.462000 0.022107 0.044000
0 0.014954 0.875333 0.023407 0.052000
6 0.015930 0.936667 0.022757 0.046667
1 0.016580 0.509333 0.031860 0.925333
15 0.499025 0.981333 0.998049 0.029333