9 0.584287 0.836934 0.828304 0.282922
3 0.583767 0.366770 0.829344 0.675926
10 0.096254 0.503086 0.149844 0.946502
4 0.013528 0.061214 0.019771 0.050412
12 0.011446 0.108539 0.017690 0.044239
14 0.011707 0.161008 0.018210 0.048354
11 0.011446 0.208848 0.017690 0.039095
5 0.010926 0.306070 0.016649 0.038066
16 0.010926 0.355967 0.017690 0.039095
0 0.011707 0.901749 0.018210 0.038066
6 0.012227 0.949074 0.016129 0.031893
13 0.512487 0.018519 0.321540 0.032922
2 0.990895 0.013889 0.011967 0.023663
7 0.973985 0.015432 0.010406 0.028807
8 0.957596 0.014918 0.015088 0.019547
17 0.499480 0.019547 0.997919 0.039095
1 0.012227 0.503601 0.024454 0.943416
15 0.499220 0.984053 0.998439 0.025720