4 0.980294 0.925711 0.030139 0.042636
12 0.979521 0.865633 0.028594 0.046512
14 0.981453 0.801680 0.030912 0.052972
11 0.983771 0.740956 0.032457 0.042636
5 0.982998 0.616925 0.030912 0.050388
16 0.981453 0.549742 0.024730 0.047804
0 0.982612 0.128553 0.028594 0.042636
6 0.982998 0.062661 0.024730 0.037468
13 0.481453 0.978036 0.386399 0.036176
1 0.981453 0.494186 0.034003 0.921189
2 0.015070 0.976098 0.017774 0.029716
7 0.039413 0.979328 0.018547 0.028424
8 0.063756 0.979328 0.016229 0.031008
17 0.500386 0.976098 0.996136 0.047804
9 0.386399 0.228682 0.768161 0.405685
10 0.385240 0.686693 0.765842 0.525840
10 0.865147 0.494186 0.206337 0.928941
15 0.500386 0.016796 0.996136 0.025840