4 0.988293 0.944123 0.016129 0.030829
12 0.986993 0.899326 0.017690 0.033719
14 0.987513 0.852601 0.016649 0.030829
11 0.987773 0.804913 0.017170 0.035645
5 0.986993 0.711946 0.017690 0.030829
16 0.987253 0.664258 0.017170 0.037572
0 0.988033 0.093449 0.020812 0.036609
6 0.987773 0.047688 0.020291 0.033719
13 0.487253 0.984586 0.316857 0.028902
1 0.987513 0.493738 0.023933 0.937380
8 0.042924 0.982659 0.010926 0.023121
7 0.026275 0.984586 0.014048 0.023121
2 0.009365 0.985067 0.012487 0.024085
17 0.500520 0.982177 0.997919 0.029865
15 0.500780 0.013006 0.995317 0.018304
10 0.909990 0.500000 0.132154 0.934489
3 0.422216 0.492775 0.841311 0.945087