4 0.030048 0.119703 0.043269 0.074153
12 0.028245 0.222458 0.037260 0.076271
14 0.031250 0.327331 0.043269 0.082627
11 0.027644 0.427966 0.038462 0.076271
0 0.028245 0.794492 0.042067 0.072034
6 0.027644 0.897246 0.038462 0.061441
2 0.976562 0.031780 0.022837 0.042373
7 0.939303 0.031780 0.022837 0.042373
8 0.900841 0.037076 0.027644 0.044492
13 0.529447 0.034958 0.395433 0.057203
17 0.498798 0.032839 0.995192 0.061441
3 0.209736 0.507415 0.311298 0.883475
3 0.679087 0.175847 0.632212 0.224576
9 0.679688 0.619703 0.628606 0.654661
1 0.027043 0.507415 0.051683 0.879237
15 0.497596 0.971398 0.992788 0.036017