4 0.024639 0.123941 0.039663 0.069915
12 0.025240 0.227754 0.043269 0.078390
14 0.030048 0.332627 0.040865 0.088983
11 0.025240 0.426907 0.048077 0.074153
0 0.027043 0.793432 0.046875 0.078390
6 0.028245 0.897246 0.044471 0.069915
15 0.496394 0.973517 0.992788 0.040254
10 0.680288 0.185381 0.629808 0.218220
10 0.212139 0.511653 0.308894 0.875000
1 0.028846 0.512712 0.055288 0.877119
2 0.975962 0.031780 0.026442 0.033898
7 0.938702 0.032839 0.021635 0.040254
8 0.899639 0.036017 0.027644 0.042373
13 0.528846 0.033898 0.396635 0.067797
9 0.497596 0.037076 0.992788 0.069915
9 0.681490 0.626059 0.625000 0.654661